# R script for Peak Model
#  -- generated by MACS
p <- c(0.0285157549546,0.0332683807804,0.0380210066061,0.0427736324319,0.0427736324319,0.0451499453448,0.0522788840835,0.0522788840835,0.0594078228221,0.0546551969963,0.0570315099092,0.0546551969963,0.0665367615608,0.0712893873865,0.083170951951,0.083170951951,0.0736657002994,0.0807946390381,0.0784183261252,0.0736657002994,0.0712893873865,0.0760420132123,0.0712893873865,0.0712893873865,0.0689130744736,0.0689130744736,0.0665367615608,0.0736657002994,0.0760420132123,0.0760420132123,0.0879235777767,0.0950525165154,0.0902998906896,0.0902998906896,0.0879235777767,0.0902998906896,0.0902998906896,0.0807946390381,0.0736657002994,0.083170951951,0.0784183261252,0.0665367615608,0.0594078228221,0.0522788840835,0.0522788840835,0.0451499453448,0.0522788840835,0.0475262582577,0.0570315099092,0.0475262582577,0.040397319519,0.0451499453448,0.0475262582577,0.0475262582577,0.0475262582577,0.0499025711706,0.0499025711706,0.0570315099092,0.0522788840835,0.0546551969963,0.0546551969963,0.0594078228221,0.0594078228221,0.061784135735,0.0570315099092,0.0570315099092,0.0570315099092,0.0522788840835,0.0522788840835,0.0570315099092,0.0594078228221,0.0594078228221,0.061784135735,0.0641604486479,0.0736657002994,0.0760420132123,0.0784183261252,0.0807946390381,0.0784183261252,0.0736657002994,0.0712893873865,0.0594078228221,0.0594078228221,0.0546551969963,0.0499025711706,0.0451499453448,0.0451499453448,0.0475262582577,0.0546551969963,0.061784135735,0.0641604486479,0.0689130744736,0.0665367615608,0.0689130744736,0.0665367615608,0.0712893873865,0.0641604486479,0.0641604486479,0.061784135735,0.0522788840835,0.0499025711706,0.0522788840835,0.0522788840835,0.0522788840835,0.0546551969963,0.0522788840835,0.0546551969963,0.0475262582577,0.0427736324319,0.0475262582577,0.0499025711706,0.0451499453448,0.0475262582577,0.0475262582577,0.0475262582577,0.0499025711706,0.0475262582577,0.0546551969963,0.0546551969963,0.0570315099092,0.0522788840835,0.0522788840835,0.0499025711706,0.0499025711706,0.0499025711706,0.0546551969963,0.0522788840835,0.0451499453448,0.0499025711706,0.0499025711706,0.0594078228221,0.061784135735,0.061784135735,0.061784135735,0.0641604486479,0.0546551969963,0.0594078228221,0.0594078228221,0.0546551969963,0.0522788840835,0.0427736324319,0.0522788840835,0.0522788840835,0.0499025711706,0.0475262582577,0.0499025711706,0.0427736324319,0.0427736324319,0.0427736324319,0.040397319519,0.0427736324319,0.0380210066061,0.0427736324319,0.0451499453448,0.0427736324319,0.0380210066061,0.0427736324319,0.0499025711706,0.0522788840835,0.0546551969963,0.0546551969963,0.0451499453448,0.0427736324319,0.040397319519,0.040397319519,0.0451499453448,0.040397319519,0.0332683807804,0.0332683807804,0.0332683807804,0.0380210066061,0.0475262582577,0.0499025711706,0.0522788840835,0.0546551969963,0.0522788840835,0.0522788840835,0.0499025711706,0.0499025711706,0.0522788840835,0.0499025711706,0.040397319519,0.040397319519,0.040397319519,0.0356446936933,0.040397319519,0.0475262582577,0.0522788840835,0.0522788840835,0.0451499453448,0.040397319519,0.0451499453448,0.040397319519,0.0380210066061,0.0427736324319,0.0427736324319,0.040397319519,0.0475262582577,0.0522788840835,0.0570315099092,0.0546551969963,0.0546551969963,0.0522788840835,0.0570315099092,0.0522788840835,0.0499025711706,0.0451499453448,0.0332683807804,0.0285157549546,0.0308920678675,0.0427736324319,0.0451499453448,0.0475262582577,0.040397319519,0.0475262582577,0.0451499453448,0.0522788840835,0.0546551969963,0.0522788840835,0.0475262582577,0.0356446936933,0.0332683807804,0.0332683807804,0.0380210066061,0.0332683807804,0.0356446936933,0.0356446936933,0.0380210066061,0.0380210066061,0.0356446936933,0.0380210066061,0.0356446936933,0.0356446936933,0.0332683807804,0.0356446936933,0.0332683807804,0.0285157549546,0.0285157549546,0.0332683807804,0.0380210066061,0.0427736324319,0.0475262582577,0.0499025711706,0.0499025711706,0.0475262582577,0.0499025711706,0.0522788840835,0.0499025711706,0.0522788840835,0.0546551969963,0.0475262582577,0.0427736324319,0.0380210066061,0.0451499453448,0.0427736324319,0.0380210066061,0.0356446936933,0.0356446936933,0.0285157549546,0.0237631291288,0.0261394420417,0.0261394420417,0.0356446936933,0.0261394420417,0.0285157549546,0.0285157549546,0.0285157549546,0.0285157549546,0.0332683807804,0.0332683807804,0.0308920678675,0.0356446936933,0.0308920678675,0.0356446936933,0.0332683807804,0.0427736324319,0.0451499453448,0.0475262582577,0.0451499453448,0.0427736324319,0.0451499453448,0.040397319519,0.040397319519,0.0427736324319,0.040397319519,0.0332683807804,0.0285157549546,0.0332683807804,0.0308920678675,0.0332683807804,0.0356446936933,0.040397319519,0.0356446936933,0.0356446936933,0.0356446936933,0.0356446936933,0.040397319519,0.0308920678675,0.0308920678675,0.0332683807804,0.0427736324319,0.0712893873865,0.0879235777767,0.0998051423411,0.125944584383,0.130697210209,0.15683665225,0.190105033031,0.206739223421,0.23050235255,0.237631291288,0.232878665463,0.240007604201,0.240007604201,0.228126039637,0.235254978376,0.235254978376,0.225749726724,0.223373413811,0.220997100898,0.220997100898,0.220997100898,0.211491849247,0.225749726724,0.237631291288,0.235254978376,0.235254978376,0.228126039637,0.228126039637,0.225749726724,0.228126039637,0.204362910508,0.218620787985,0.201986597595,0.194857658857,0.199610284682,0.192481345944,0.201986597595,0.206739223421,0.199610284682,0.199610284682,0.228126039637,0.216244475072,0.218620787985,0.225749726724,0.228126039637,0.228126039637,0.225749726724,0.240007604201,0.240007604201,0.232878665463,0.223373413811,0.220997100898,0.225749726724,0.218620787985,0.218620787985,0.225749726724,0.225749726724,0.216244475072,0.206739223421,0.218620787985,0.216244475072,0.218620787985,0.21386816216,0.211491849247,0.220997100898,0.211491849247,0.206739223421,0.197233971769,0.211491849247,0.199610284682,0.199610284682,0.199610284682,0.197233971769,0.197233971769,0.192481345944,0.192481345944,0.178223468466,0.180599781379,0.178223468466,0.182976094292,0.178223468466,0.180599781379,0.197233971769,0.192481345944,0.192481345944,0.190105033031,0.206739223421,0.216244475072,0.216244475072,0.216244475072,0.201986597595,0.197233971769,0.180599781379,0.173470842641,0.173470842641,0.175847155553,0.187728720118,0.178223468466,0.187728720118,0.185352407205,0.190105033031,0.204362910508,0.225749726724,0.24713654294,0.242383917114,0.259018107504,0.235254978376,0.242383917114,0.225749726724,0.220997100898,0.237631291288,0.23050235255,0.218620787985,0.209115536334,0.209115536334,0.199610284682,0.216244475072,0.204362910508,0.228126039637,0.235254978376,0.228126039637,0.237631291288,0.235254978376,0.251889168766,0.256641794592,0.240007604201,0.237631291288,0.256641794592,0.242383917114,0.249512855853,0.256641794592,0.242383917114,0.240007604201,0.23050235255,0.223373413811,0.244760230027,0.249512855853,0.240007604201,0.242383917114,0.235254978376,0.237631291288,0.249512855853,0.26377073333,0.268523359156,0.261394420417,0.259018107504,0.26377073333,0.273275984982,0.270899672069,0.294662801198,0.287533862459,0.273275984982,0.259018107504,0.24713654294,0.261394420417,0.26377073333,0.24713654294,0.240007604201,0.240007604201,0.220997100898,0.220997100898,0.225749726724,0.23050235255,0.249512855853,0.254265481679,0.237631291288,0.242383917114,0.228126039637,0.237631291288,0.225749726724,0.23050235255,0.237631291288,0.242383917114,0.23050235255,0.228126039637,0.228126039637,0.232878665463,0.242383917114,0.249512855853,0.266147046243,0.268523359156,0.259018107504,0.249512855853,0.244760230027,0.240007604201,0.251889168766,0.254265481679,0.261394420417,0.259018107504,0.244760230027,0.235254978376,0.232878665463,0.232878665463,0.249512855853,0.24713654294,0.242383917114,0.237631291288,0.228126039637,0.218620787985,0.216244475072,0.223373413811,0.23050235255,0.242383917114,0.237631291288,0.259018107504,0.256641794592,0.268523359156,0.268523359156,0.268523359156,0.292286488285,0.289910175372,