# R script for Peak Model
#  -- generated by MACS
p <- c(0.0461502135789,0.0547362998261,0.0622491252925,0.0713718419302,0.0788846673965,0.0799579281774,0.0778114066156,0.0751282546633,0.0719084723206,0.0756648850538,0.0745916242729,0.0724451027111,0.0745916242729,0.0713718419302,0.073518363492,0.0751282546633,0.0756648850538,0.0778114066156,0.0762015154442,0.0756648850538,0.0756648850538,0.0788846673965,0.0767381458347,0.0794212977869,0.0762015154442,0.073518363492,0.0751282546633,0.0767381458347,0.0767381458347,0.0778114066156,0.0799579281774,0.0751282546633,0.0740549938824,0.0719084723206,0.0719084723206,0.0724451027111,0.0660055380256,0.0627857556829,0.061712494902,0.0584927125593,0.0552729302166,0.0579560821688,0.0574194517784,0.0579560821688,0.0584927125593,0.0579560821688,0.0611758645116,0.0643956468543,0.0686886899779,0.0729817331015,0.0794212977869,0.0799579281774,0.0815678193487,0.0858608624724,0.0874707536437,0.0874707536437,0.0880073840342,0.0874707536437,0.0896172752055,0.0874707536437,0.0810311889583,0.0799579281774,0.0788846673965,0.0729817331015,0.0745916242729,0.0762015154442,0.0762015154442,0.0772747762251,0.073518363492,0.0713718419302,0.0708352115397,0.0724451027111,0.0745916242729,0.0794212977869,0.0745916242729,0.0740549938824,0.0740549938824,0.0713718419302,0.0697619507588,0.0729817331015,0.0767381458347,0.0729817331015,0.0751282546633,0.0751282546633,0.0772747762251,0.0788846673965,0.0810311889583,0.0804945585678,0.0815678193487,0.0826410801296,0.0810311889583,0.084250971301,0.078348037006,0.0767381458347,0.0751282546633,0.0702985811492,0.0670787988065,0.0702985811492,0.0660055380256,0.0638590164638,0.0638590164638,0.0627857556829,0.0649322772447,0.0643956468543,0.0649322772447,0.0665421684161,0.0692253203683,0.0686886899779,0.0719084723206,0.0713718419302,0.0686886899779,0.0643956468543,0.0627857556829,0.0622491252925,0.0638590164638,0.0622491252925,0.0595659733402,0.0595659733402,0.0595659733402,0.0595659733402,0.0611758645116,0.0649322772447,0.0708352115397,0.0708352115397,0.0686886899779,0.0719084723206,0.0751282546633,0.073518363492,0.0740549938824,0.0729817331015,0.0745916242729,0.078348037006,0.0724451027111,0.0708352115397,0.0702985811492,0.067615429197,0.0660055380256,0.0660055380256,0.0665421684161,0.0670787988065,0.0660055380256,0.0595659733402,0.0584927125593,0.0552729302166,0.0568828213879,0.061712494902,0.0590293429497,0.0574194517784,0.0568828213879,0.0595659733402,0.0606392341211,0.0697619507588,0.0702985811492,0.0745916242729,0.0713718419302,0.067615429197,0.0692253203683,0.0697619507588,0.0681520595874,0.0665421684161,0.0660055380256,0.0590293429497,0.0601026037307,0.0595659733402,0.0627857556829,0.0611758645116,0.0606392341211,0.0633223860734,0.0643956468543,0.061712494902,0.0611758645116,0.0595659733402,0.0590293429497,0.0606392341211,0.061712494902,0.0654689076352,0.0660055380256,0.0622491252925,0.0606392341211,0.0638590164638,0.0595659733402,0.0649322772447,0.0649322772447,0.0622491252925,0.061712494902,0.0584927125593,0.0568828213879,0.0574194517784,0.0568828213879,0.0552729302166,0.0606392341211,0.0590293429497,0.0611758645116,0.0611758645116,0.0622491252925,0.0649322772447,0.067615429197,0.0686886899779,0.0745916242729,0.0767381458347,0.073518363492,0.0719084723206,0.0702985811492,0.0719084723206,0.067615429197,0.0654689076352,0.0627857556829,0.0649322772447,0.0590293429497,0.0563461909975,0.0579560821688,0.055809560607,0.0563461909975,0.0579560821688,0.0595659733402,0.0601026037307,0.0622491252925,0.0595659733402,0.0584927125593,0.055809560607,0.0541996694357,0.0552729302166,0.0541996694357,0.0531264086548,0.055809560607,0.0547362998261,0.0531264086548,0.0541996694357,0.055809560607,0.0563461909975,0.0547362998261,0.0563461909975,0.0574194517784,0.055809560607,0.0525897782643,0.0525897782643,0.0525897782643,0.0525897782643,0.0563461909975,0.0563461909975,0.0606392341211,0.0590293429497,0.0579560821688,0.0579560821688,0.0568828213879,0.0584927125593,0.0574194517784,0.0622491252925,0.0590293429497,0.0638590164638,0.0643956468543,0.0649322772447,0.0702985811492,0.0692253203683,0.0713718419302,0.0686886899779,0.0719084723206,0.0649322772447,0.0643956468543,0.0611758645116,0.0579560821688,0.0552729302166,0.0504432567025,0.0493699959216,0.0482967351407,0.0488333655312,0.0461502135789,0.0456135831884,0.0456135831884,0.0504432567025,0.0499066263121,0.0531264086548,0.0520531478739,0.0520531478739,0.0504432567025,0.0525897782643,0.055809560607,0.0595659733402,0.0590293429497,0.0574194517784,0.0579560821688,0.0547362998261,0.0547362998261,0.0563461909975,0.0584927125593,0.0568828213879,0.0536630390452,0.0547362998261,0.0590293429497,0.0531264086548,0.0536630390452,0.055809560607,0.0563461909975,0.0574194517784,0.0568828213879,0.0541996694357,0.055809560607,0.0520531478739,0.0488333655312,0.0515165174834,0.0568828213879,0.0660055380256,0.0778114066156,0.0778114066156,0.0821044497392,0.0987399918432,0.105179556529,0.114302273166,0.127181402537,0.141670423079,0.145963466203,0.149719878936,0.15454955245,0.16635542104,0.171721724945,0.170111833773,0.170648464164,0.179234550411,0.182454332754,0.174941507287,0.175478137678,0.175478137678,0.172258355335,0.172258355335,0.174941507287,0.17816128963,0.187284006268,0.181917702363,0.176014768068,0.182990963144,0.185137484706,0.181917702363,0.174941507287,0.173331616116,0.169575203383,0.174941507287,0.173868246507,0.181917702363,0.185674115096,0.186210745487,0.188357267049,0.186747375877,0.191040419001,0.192113679782,0.196406722906,0.182990963144,0.178697920021,0.171721724945,0.169038572992,0.166892051431,0.161525747526,0.164745529869,0.164745529869,0.164745529869,0.163135638697,0.170111833773,0.167428681821,0.163135638697,0.167428681821,0.162062377917,0.167428681821,0.171721724945,0.169575203383,0.169038572992,0.164745529869,0.164745529869,0.170111833773,0.172258355335,0.170648464164,0.176014768068,0.174404876897,0.167965312212,0.170111833773,0.172794985726,0.180307811192,0.179234550411,0.172794985726,0.175478137678,0.166892051431,0.170648464164,0.172258355335,0.173331616116,0.170648464164,0.170648464164,0.163672269088,0.160452486745,0.164745529869,0.16635542104,0.169575203383,0.163135638697,0.161525747526,0.164745529869,0.172258355335,0.180844441582,0.183527593535,0.179234550411,0.174941507287,0.171721724945,0.169038572992,0.169575203383,0.170648464164,0.168501942602,0.16635542104,0.157232704403,0.156159443622,0.159915856355,0.164745529869,0.162062377917,0.167428681821,0.169575203383,0.167428681821,0.162062377917,0.159379225964,0.157769334793,0.155086182841,0.158842595574,0.157769334793,0.157769334793,0.159379225964,0.158842595574,0.160452486745,0.169575203383,0.171721724945,0.173868246507,0.177088028849,0.17762465924,0.179234550411,0.182990963144,0.179234550411,0.176551398459,0.174941507287,0.170648464164,0.174941507287,0.171721724945,0.176014768068,0.17762465924,0.172794985726,0.172794985726,0.176551398459,0.183527593535,0.187820636658,0.187820636658,0.183527593535,0.186210745487,0.184600854316,0.179234550411,0.187284006268,0.18996715822,0.191577049391,0.186210745487,0.179234550411,0.17762465924,0.180307811192,0.174941507287,0.176551398459,0.17762465924,0.168501942602,0.167965312212,0.16635542104,0.166892051431,0.16581879065,0.166892051431,0.158842595574,0.162062377917,0.156159443622,0.153476291669,0.157769334793,0.153476291669,0.149719878936,0.156696074012,0.158305965183,0.155086182841,0.160989117136,0.164208899478,0.167965312212,0.170111833773,0.164745529869,0.168501942602,0.170111833773,0.163135638697,0.16581879065,0.172794985726,0.171721724945,0.166892051431,0.167965312212,0.16635542104,0.172258355335,0.171721724945,0.178697920021,0.176551398459,0.180844441582,0.181917702363,0.179234550411,0.182990963144,0.17816128963,0.184064223925,0.187284006268,0.190503788611,0.192113679782,0.198016614077,0.18996715822,0.187820636658,0.192113679782,0.18996715822,0.194260201344,0.202846287591,0.202309657201,0.198553244467,0.192113679782,0.191040419001,0.193186940563,