# R script for Peak Model
#  -- generated by MACS
p <- c(0.088753020068,0.0986144667423,0.118337360091,0.123268083428,0.138060253439,0.152852423451,0.128198806765,0.123268083428,0.128198806765,0.147921700113,0.157783146788,0.157783146788,0.147921700113,0.157783146788,0.152852423451,0.142990976776,0.157783146788,0.162713870125,0.157783146788,0.138060253439,0.123268083428,0.133129530102,0.133129530102,0.142990976776,0.152852423451,0.147921700113,0.133129530102,0.118337360091,0.113406636754,0.108475913416,0.123268083428,0.113406636754,0.113406636754,0.0936837434052,0.088753020068,0.088753020068,0.0936837434052,0.113406636754,0.113406636754,0.118337360091,0.108475913416,0.118337360091,0.123268083428,0.138060253439,0.133129530102,0.142990976776,0.142990976776,0.118337360091,0.118337360091,0.123268083428,0.123268083428,0.108475913416,0.113406636754,0.103545190079,0.0986144667423,0.088753020068,0.0838222967309,0.103545190079,0.0986144667423,0.0838222967309,0.108475913416,0.113406636754,0.0986144667423,0.088753020068,0.088753020068,0.088753020068,0.088753020068,0.0739608500567,0.088753020068,0.0936837434052,0.0640994033825,0.0690301267196,0.0690301267196,0.088753020068,0.088753020068,0.0838222967309,0.088753020068,0.108475913416,0.0936837434052,0.108475913416,0.108475913416,0.103545190079,0.103545190079,0.0986144667423,0.108475913416,0.103545190079,0.0986144667423,0.088753020068,0.088753020068,0.0788915733938,0.0788915733938,0.0788915733938,0.0936837434052,0.0788915733938,0.0788915733938,0.0838222967309,0.088753020068,0.088753020068,0.0986144667423,0.103545190079,0.103545190079,0.0986144667423,0.103545190079,0.118337360091,0.118337360091,0.113406636754,0.113406636754,0.103545190079,0.103545190079,0.0936837434052,0.0986144667423,0.103545190079,0.0788915733938,0.0838222967309,0.0838222967309,0.088753020068,0.0838222967309,0.0838222967309,0.0936837434052,0.103545190079,0.0986144667423,0.0986144667423,0.103545190079,0.0838222967309,0.0739608500567,0.0788915733938,0.0838222967309,0.0838222967309,0.0690301267196,0.0690301267196,0.0739608500567,0.0739608500567,0.0739608500567,0.088753020068,0.0936837434052,0.0936837434052,0.088753020068,0.0936837434052,0.088753020068,0.0788915733938,0.0690301267196,0.0739608500567,0.0739608500567,0.0739608500567,0.0690301267196,0.0690301267196,0.0788915733938,0.0739608500567,0.0838222967309,0.0838222967309,0.0986144667423,0.088753020068,0.0986144667423,0.0986144667423,0.103545190079,0.103545190079,0.0936837434052,0.0986144667423,0.113406636754,0.123268083428,0.113406636754,0.113406636754,0.103545190079,0.0986144667423,0.0936837434052,0.0838222967309,0.0788915733938,0.0838222967309,0.0591686800454,0.0493072333711,0.0542379567082,0.0640994033825,0.0739608500567,0.0739608500567,0.0788915733938,0.0838222967309,0.088753020068,0.0788915733938,0.088753020068,0.088753020068,0.0788915733938,0.0739608500567,0.0690301267196,0.0690301267196,0.0640994033825,0.0690301267196,0.0788915733938,0.0838222967309,0.0838222967309,0.0936837434052,0.0986144667423,0.0936837434052,0.088753020068,0.088753020068,0.0838222967309,0.0788915733938,0.0640994033825,0.0591686800454,0.0591686800454,0.0640994033825,0.0640994033825,0.0591686800454,0.0591686800454,0.0493072333711,0.0493072333711,0.0493072333711,0.0493072333711,0.044376510034,0.044376510034,0.0295843400227,0.0246536166856,0.0394457866969,0.0394457866969,0.0394457866969,0.044376510034,0.0493072333711,0.0542379567082,0.0640994033825,0.0591686800454,0.0591686800454,0.0591686800454,0.044376510034,0.044376510034,0.0493072333711,0.0493072333711,0.0493072333711,0.0542379567082,0.044376510034,0.044376510034,0.044376510034,0.0493072333711,0.0493072333711,0.0542379567082,0.0542379567082,0.0542379567082,0.044376510034,0.0394457866969,0.0542379567082,0.0591686800454,0.0542379567082,0.0493072333711,0.0493072333711,0.044376510034,0.0493072333711,0.044376510034,0.0493072333711,0.0493072333711,0.044376510034,0.0394457866969,0.0493072333711,0.0542379567082,0.0542379567082,0.0493072333711,0.044376510034,0.0493072333711,0.0690301267196,0.0640994033825,0.0591686800454,0.0640994033825,0.0591686800454,0.0591686800454,0.0591686800454,0.0640994033825,0.0591686800454,0.0640994033825,0.0394457866969,0.044376510034,0.044376510034,0.0345150633598,0.0295843400227,0.0246536166856,0.0295843400227,0.0295843400227,0.0295843400227,0.0197228933485,0.0246536166856,0.0295843400227,0.0295843400227,0.0295843400227,0.0345150633598,0.044376510034,0.044376510034,0.044376510034,0.044376510034,0.0493072333711,0.044376510034,0.0493072333711,0.0493072333711,0.0493072333711,0.044376510034,0.0345150633598,0.0345150633598,0.0394457866969,0.0394457866969,0.0394457866969,0.0394457866969,0.0246536166856,0.0295843400227,0.0295843400227,0.0345150633598,0.0394457866969,0.044376510034,0.0690301267196,0.0936837434052,0.103545190079,0.128198806765,0.142990976776,0.142990976776,0.157783146788,0.172575316799,0.18736748681,0.197228933485,0.172575316799,0.167644593462,0.182436763473,0.172575316799,0.167644593462,0.172575316799,0.177506040136,0.177506040136,0.18736748681,0.182436763473,0.182436763473,0.182436763473,0.18736748681,0.192298210147,0.202159656822,0.207090380159,0.207090380159,0.207090380159,0.207090380159,0.207090380159,0.212021103496,0.212021103496,0.202159656822,0.212021103496,0.202159656822,0.197228933485,0.18736748681,0.177506040136,0.167644593462,0.167644593462,0.172575316799,0.182436763473,0.167644593462,0.162713870125,0.162713870125,0.167644593462,0.177506040136,0.177506040136,0.167644593462,0.167644593462,0.162713870125,0.157783146788,0.157783146788,0.152852423451,0.172575316799,0.157783146788,0.147921700113,0.157783146788,0.167644593462,0.162713870125,0.162713870125,0.157783146788,0.162713870125,0.152852423451,0.128198806765,0.128198806765,0.133129530102,0.138060253439,0.128198806765,0.138060253439,0.133129530102,0.128198806765,0.138060253439,0.133129530102,0.162713870125,0.172575316799,0.167644593462,0.172575316799,0.182436763473,0.177506040136,0.182436763473,0.172575316799,0.157783146788,0.157783146788,0.133129530102,0.138060253439,0.138060253439,0.118337360091,0.118337360091,0.123268083428,0.123268083428,0.128198806765,0.128198806765,0.142990976776,0.152852423451,0.152852423451,0.172575316799,0.172575316799,0.182436763473,0.197228933485,0.18736748681,0.207090380159,0.212021103496,0.197228933485,0.18736748681,0.202159656822,0.207090380159,0.207090380159,0.192298210147,0.172575316799,0.197228933485,0.167644593462,0.172575316799,0.182436763473,0.182436763473,0.177506040136,0.177506040136,0.18736748681,0.202159656822,0.216951826833,0.197228933485,0.226813273507,0.22188255017,0.241605443519,0.261328336867,0.246536166856,0.231743996844,0.226813273507,0.22188255017,0.236674720181,0.25639761353,0.246536166856,0.251466890193,0.231743996844,0.231743996844,0.236674720181,0.22188255017,0.212021103496,0.22188255017,0.202159656822,0.18736748681,0.192298210147,0.182436763473,0.18736748681,0.177506040136,0.182436763473,0.197228933485,0.207090380159,0.202159656822,0.192298210147,0.202159656822,0.197228933485,0.212021103496,0.212021103496,0.216951826833,0.216951826833,0.212021103496,0.226813273507,0.231743996844,0.241605443519,0.231743996844,0.226813273507,0.212021103496,0.212021103496,0.207090380159,0.192298210147,0.197228933485,0.172575316799,0.167644593462,0.157783146788,0.172575316799,0.192298210147,0.212021103496,0.207090380159,0.231743996844,0.236674720181,0.236674720181,0.25639761353,0.246536166856,0.251466890193,0.236674720181,0.216951826833,0.22188255017,0.216951826833,0.182436763473,0.18736748681,0.18736748681,0.18736748681,0.177506040136,0.162713870125,0.152852423451,0.162713870125,0.142990976776,0.152852423451,0.177506040136,0.18736748681,0.197228933485,0.192298210147,0.212021103496,0.22188255017,0.241605443519,0.236674720181,0.246536166856,0.241605443519,0.231743996844,0.236674720181,0.231743996844,0.241605443519,0.22188255017,0.271189783541,0.25639761353,0.281051230215,0.281051230215,0.271189783541,0.251466890193,0.246536166856,0.266259060204,