# R script for Peak Model
#  -- generated by MACS
p <- c(0.0588483579279,0.0685887757918,0.0791408951444,0.0905047159856,0.101462686083,0.0982158801279,0.0986217308723,0.0965924771506,0.10024513385,0.103491939804,0.104303641293,0.10308608906,0.102680238316,0.100650984594,0.10024513385,0.102274387571,0.103491939804,0.104709492037,0.100650984594,0.101462686083,0.0990275816166,0.103491939804,0.100650984594,0.0998392831052,0.101462686083,0.104303641293,0.103897790549,0.100650984594,0.101868536827,0.10308608906,0.103491939804,0.0998392831052,0.102274387571,0.105115342782,0.100650984594,0.0990275816166,0.0982158801279,0.0974041786393,0.0969983278949,0.0961866264063,0.0953749249176,0.094563223429,0.0941573726846,0.0917222682186,0.0925339697073,0.0929398204516,0.0941573726846,0.0949690741733,0.0941573726846,0.0929398204516,0.0925339697073,0.0913164174743,0.088475462264,0.0900988652413,0.0900988652413,0.088475462264,0.0888813130083,0.0888813130083,0.0900988652413,0.092128118963,0.093345671196,0.0941573726846,0.0957807756619,0.0925339697073,0.0937515219403,0.094563223429,0.0941573726846,0.0892871637527,0.086040357798,0.0827935518434,0.0827935518434,0.0811701488661,0.082387701099,0.0856345070537,0.0827935518434,0.0815759996104,0.0807642981217,0.0840111040764,0.084822805565,0.082387701099,0.0815759996104,0.0840111040764,0.0852286563094,0.0840111040764,0.084822805565,0.0840111040764,0.0831994025877,0.0803584473774,0.0799525966331,0.0795467458887,0.0779233429114,0.0758940891898,0.0722414324908,0.0702121787691,0.0706180295135,0.0694004772805,0.0685887757918,0.0718355817465,0.0762999399341,0.0779233429114,0.0787350444001,0.0771116414228,0.0750823877011,0.0783291936557,0.0762999399341,0.0775174921671,0.0779233429114,0.0771116414228,0.0734589847238,0.0746765369568,0.0771116414228,0.0811701488661,0.0852286563094,0.0815759996104,0.0876637607753,0.0876637607753,0.0913164174743,0.094563223429,0.0969983278949,0.0961866264063,0.0937515219403,0.0900988652413,0.089693014497,0.089693014497,0.0852286563094,0.086040357798,0.0803584473774,0.0779233429114,0.0750823877011,0.0779233429114,0.0791408951444,0.083605253332,0.082387701099,0.083605253332,0.0844169548207,0.0827935518434,0.0852286563094,0.083605253332,0.0852286563094,0.0876637607753,0.0868520592867,0.0831994025877,0.082387701099,0.0827935518434,0.0811701488661,0.083605253332,0.0827935518434,0.0844169548207,0.0864462085423,0.082387701099,0.0827935518434,0.0840111040764,0.083605253332,0.0819818503547,0.082387701099,0.0803584473774,0.0787350444001,0.0775174921671,0.0726472832351,0.0710238802578,0.0702121787691,0.0718355817465,0.0714297310021,0.0738648354681,0.0750823877011,0.0742706862124,0.0779233429114,0.0746765369568,0.0779233429114,0.0779233429114,0.0779233429114,0.0767057906784,0.0754882384454,0.0718355817465,0.0698063280248,0.0677770743032,0.0653419698372,0.0681829250475,0.0649361190928,0.0625010146269,0.0629068653712,0.0596600594165,0.0592542086722,0.0584425071836,0.0588483579279,0.0633127161155,0.0600659101609,0.0588483579279,0.0576308056949,0.0576308056949,0.0572249549506,0.0584425071836,0.0625010146269,0.0633127161155,0.0649361190928,0.0625010146269,0.0653419698372,0.0641244176042,0.0637185668599,0.0677770743032,0.0657478205815,0.0673712235588,0.0661536713258,0.0689946265361,0.0645302683485,0.0645302683485,0.0637185668599,0.0677770743032,0.0673712235588,0.0653419698372,0.0677770743032,0.0657478205815,0.0661536713258,0.0641244176042,0.0677770743032,0.0673712235588,0.0669653728145,0.0645302683485,0.0641244176042,0.0620951638825,0.0576308056949,0.0580366564392,0.0560074027176,0.0560074027176,0.0539781489959,0.0523547460186,0.0523547460186,0.0515430445299,0.0547898504846,0.0560074027176,0.0584425071836,0.0584425071836,0.0580366564392,0.0572249549506,0.0568191042062,0.0592542086722,0.0568191042062,0.0580366564392,0.0560074027176,0.0556015519732,0.0547898504846,0.0556015519732,0.0564132534619,0.0600659101609,0.0600659101609,0.0616893131382,0.0653419698372,0.0625010146269,0.0625010146269,0.0612834623939,0.0657478205815,0.0649361190928,0.0665595220702,0.0629068653712,0.0620951638825,0.0596600594165,0.0600659101609,0.0625010146269,0.0633127161155,0.0657478205815,0.0637185668599,0.0641244176042,0.0637185668599,0.0620951638825,0.0629068653712,0.0616893131382,0.0600659101609,0.0612834623939,0.0600659101609,0.0600659101609,0.0584425071836,0.0596600594165,0.0592542086722,0.0608776116495,0.0604717609052,0.0612834623939,0.0616893131382,0.0576308056949,0.0568191042062,0.0564132534619,0.0564132534619,0.0539781489959,0.0527605967629,0.0539781489959,0.0551957012289,0.0547898504846,0.0560074027176,0.0592542086722,0.0576308056949,0.0560074027176,0.0560074027176,0.0576308056949,0.0543839997403,0.0535722982516,0.0576308056949,0.0572249549506,0.0551957012289,0.0531664475073,0.0572249549506,0.0580366564392,0.0592542086722,0.0612834623939,0.0689946265361,0.0738648354681,0.0734589847238,0.0807642981217,0.0900988652413,0.0953749249176,0.0965924771506,0.106738745759,0.113638208412,0.116479163623,0.1181025666,0.120131820322,0.121755223299,0.125002029254,0.125002029254,0.125813730742,0.129872238186,0.127031282975,0.13027808893,0.129872238186,0.134336596373,0.136365850095,0.135554148606,0.131495641163,0.138395103817,0.141236059027,0.140830208283,0.139206805305,0.133930745629,0.135959999351,0.13311904414,0.130683939674,0.131901491907,0.135554148606,0.126625432231,0.127031282975,0.131901491907,0.132307342652,0.131901491907,0.127031282975,0.126219581487,0.124596178509,0.126625432231,0.125407879998,0.126625432231,0.125407879998,0.122161074043,0.125813730742,0.126625432231,0.13027808893,0.129466387441,0.134336596373,0.131089790419,0.128654685953,0.126625432231,0.128248835208,0.125407879998,0.124596178509,0.122972775532,0.121755223299,0.127031282975,0.12743713372,0.130683939674,0.129060536697,0.13027808893,0.128654685953,0.132713193396,0.132713193396,0.135148297862,0.137583402328,0.131901491907,0.126219581487,0.124596178509,0.127031282975,0.127842984464,0.128248835208,0.124190327765,0.12743713372,0.126625432231,0.127842984464,0.127842984464,0.132713193396,0.135554148606,0.133930745629,0.133524894885,0.131495641163,0.132307342652,0.134742447118,0.135148297862,0.135554148606,0.140018506794,0.140830208283,0.141236059027,0.143671163493,0.142047760516,0.142859462004,0.144482864982,0.136771700839,0.137177551584,0.135959999351,0.134336596373,0.13311904414,0.131089790419,0.134742447118,0.134742447118,0.136365850095,0.136365850095,0.136365850095,0.135148297862,0.137583402328,0.135959999351,0.136365850095,0.133524894885,0.12743713372,0.129466387441,0.125407879998,0.124190327765,0.129466387441,0.138800954561,0.131901491907,0.13311904414,0.131089790419,0.133930745629,0.137989253072,0.137177551584,0.14529456647,0.148947223169,0.144888715726,0.140424357538,0.139206805305,0.141641909771,0.147323820192,0.144888715726,0.145700417215,0.144077014237,0.143671163493,0.140018506794,0.141236059027,0.139206805305,0.143671163493,0.143265312749,0.137177551584,0.13961265605,0.13961265605,0.143265312749,0.13961265605,0.140018506794,0.135959999351,0.13311904414,0.13311904414,0.131495641163,0.132307342652,0.126625432231,0.123378626276,0.122566924788,0.123784477021,0.125813730742,0.13027808893,0.127031282975,0.125002029254,0.131495641163,0.135148297862,0.14245361126,0.144482864982,0.144077014237,0.14245361126,0.142047760516,0.137583402328,0.148135521681,0.151382327635,0.143671163493,0.142859462004,0.140830208283,0.141641909771,0.144482864982,0.145700417215,0.147323820192,0.147323820192,0.140830208283,0.141236059027,0.144888715726,0.142047760516,0.144482864982,0.143265312749,0.142859462004,0.143671163493,0.140830208283,0.14529456647,0.146917969448,0.147729670936,0.143265312749,0.147729670936,0.148135521681,0.147729670936,0.150164775402,0.152599879868,0.149758924658,0.148541372425,0.150976476891,0.150164775402,0.155440835078,0.155034984334,0.15462913359,0.156252536567,0.152599879868,0.15178817838,0.162746148476,0.164775402198,0.161934446988,0.166398805175,0.162746148476,0.161934446988,